67902
120202
48902
80702
73402
101402
105202
78902
59602
103202
140602
69002
81602
52002
128302
114102
50302
75102
14502
132802
20902
109402
37602
95002
83302
51402
118002
108702
20702
22502
49102
43002
88502
60302
134202
85802
135202
51002
29102
72802
35602
69902
61502
62102
18502
104402
117202
35402
59202
120602
54102
130002
16102
37202
82302
99302
56402
55602
112502
50502
66602
83202
135002
82002
74302
96502
126202
117002
97202
71302
122502
99702
63102
49302
127502
68302
142302
51602
76202
81202
95802
17402
116202
110302
90102
117302
129202
26902
107402
59002
141002
120502
63902
112202
138002
38602
128602
87402
111302
61002
77702
66202
58702
55702
37002
86202
70702
17102
131302
98102
137302
82902
129102
89902
122002
120402
41302
118802
114602
60002
85902
128202
105302
38702
128802
55802
116402
124702
106002
99802
49702
79802
131402
80102
74002
85102
39102
103902
39202
41602
52102
117402
65702
132502
39002
112802
142902
109602
122302
48602
41102
121002
126502
124902
54302
24002
117802
131702
37402
78502
78202
100102
100802
29502
104302
88102
47902
91602
121702
73702
54202
15302
78102
70102
85702
105602
110402
120302
133202
99502
146802
101702
51302
139302
143402
116902
77902
97502
81902
114302
93002
57702
114402
61402
81402
21002
116702
77102
80602
103002
71502
96402
52802
109502
47002
69502
70302
113002
53902
146902
118902
58302
65902
63402
44602
64402
42802
103702
87002
80802
132202
97302
50902
108502
129802
137802
106602
40902
82802
99602
53202
118102
146302
74502
75402
89602
126002
23102
113902
71902
93202
92602
97402
110202
130402
70002
60102
93702
118302
131502
55202
130702
93302
39402
116502
64202
122802
66002
24702
133602
142202
66302
86902
66802
21902
123802
78302
93802
44402
104102
129002
119002
83402
110602
72502
64002
127802
56702
139902
82502
66502
93502
50602
130902
145402
95902
68602
107502
99002
49802
116602
17002
130802
28802
68702
134002
126402
103102
113802
111502
83602
106302
80402
78602
67502
138102
119402
42702
71202
129302
16302
70902
38502
15702
65602
88602
115002
36802
40502
38302
35702
102502
80202
124102
60202
90802
53702
44002
65402
48202
36902
123602
80002
89402
73502
89002
55502
85002
111002
80902
108402
22202
45102
42102
36102
42902
86102
112302
128002
93402
131602
144302
84102
103502
112902
40202
107002
84702
141402
92002
84502
56902
107902
59702
75002
124602
49202
143702
46902
19802
100902
52302
40302
119902
18402
102702
138702
92302
111202
96002
114902
101502
60902
20602
76402
68102
143502
80502
54802
20002
56302
63302
57602
44502
119102
53402
44802
99902
52702
68902
90302
119802
58402
69202
24102
143602
87602
123702
56002
76702
134302
36202
38002
35302
54602
94102
58602
63502
88002
64502
41802
116102
135302
87902
129502
138902
121602
95202
41002
31702
134102
83802
121802
57902
124202
133102
111902
91902
38802
98802
83102
102302
47402
137702
36402
68202
88402
86502
101202
79602
117702
94202
62002
102602
70202
78702
50402
42502
109102
125002
63802
98302
58502
135502
114002
124502
42202
69802
125502
124802
73002
103602
147102
145302
126902
110102
96802
67402
102802
136702
96202
94602
88802
129602
100402
35502
100202
115502
103802
42402
72202
81102
21602
145502
54702
96902
74602
87802
112402
45302
64102
91702
65802
64902
52602
69402
40802
60502
46102
94802
119302
90002
140302
132102
60402
144902
114202
71402
125402
142802
123102
56602
31302
108002
101802
71702
63602
129402
107202
101002
67202
58202
79002
140702
111702
44102
96102
97902
61602
81702
142602
59502
36002
29402
