349003
354703
347303
326303
342603
317603
357103
341603
353803
360603
343603
327903
357403
347103
343403
317903
324303
329603
320903
352303
337003
316503
347603
354203
347103
325303
343703
357503
319903
347903
338603
329403
318803
336103
339803
346703
341003
323003
333403
333303
328903
320403
339703
356003
326903
332803
353603
327003
354103
323903
351303
335303
321403
349003
349703
357003
315403
340703
351903
351003
356403
332603
331003
344103
355903
325003
348603
355303
330203
348003
349203
355803
357303
353503
317203
358203
319803
355703
325903
330703
356703
349503
331403
353403
316003
353203
327603
333203
320303
359103
342003
352203
360703
338403
344803
337303
342403
336903
352103
326003
326703
336503
352803
318603
358703
341803
319503
331203
344603
350003
316903
350503
333803
357603
348003
345803
329203
341603
345503
315903
347703
357903
352603
343203
335403
346803
319703
340103
341203
342703
346803
315803
340003
360503
349903
341603
316203
327403
350003
323503
334603
339303
330003
358203
354303
317303
358203
323803
322003
340803
319403
348503
335803
322403
355003
330103
342403
325103
341703
346303
356303
339003
342203
351803
316603
354403
358103
351203
338503
342603
325403
318903
353003
315503
318303
339103
323303
323203
322503
352903
346503
342803
351103
350403
357803
359003
326503
326403
329303
343503
355303
324903
330903
341303
333603
337203
315103
330803
325703
354603
343803
350003
358003
354503
337603
351603
335903
356503
338803
351503
345203
323703
338003
342803
334903
347103
346003
332103
344103
331303
346303
356503
346403
347803
349003
352703
351703
327303
334503
340803
319103
336303
342103
350803
342503
360203
319003
355503
339903
342403
342703
356503
350603
333503
335103
321603
346903
350703
321103
327503
323603
334403
331803
348903
356903
329703
334503
346303
348803
344903
338003
342303
354303
336003
322603
349403
325803
329503
358503
350203
342603
351403
316303
335603
324203
320203
360103
356203
322703
327203
318103
332303
349803
328403
334103
324403
355303
331603
324803
328803
327103
348303
353103
317703
315303
353903
340203
326803
346603
360403
356603
344003
358603
352503
340003
346203
345603
344103
319603
351703
354003
343103
326103
349203
340903
328203
330503
352403
317403
321203
343003
332403
358403
332203
322203
339603
331503
353303
341103
340803
324603
333703
347503
339403
331903
358903
344203
322303
321503
359703
320803
354303
324703
332503
345303
335703
340303
333103
347803
323403
341903
360303
350903
356303
317103
342903
321903
327703
343203
331703
340003
317803
343303
332903
328503
346903
317503
337403
320703
338903
341503
346903
320103
334503
326203
329103
315203
359403
343303
353703
359203
346703
334003
323103
335303
321003
321303
348703
359903
340603
351803
351003
328103
318003
359503
337503
360903
343303
355403
315603
319303
345003
357703
330603
354803
348403
350103
338203
338703
335503
344503
339203
333003
346803
320503
331103
338303
318403
320003
337803
337703
316703
349103
316103
357203
346403
327803
346603
338103
360003
344303
358303
330303
318203
348003
342803
329903
335003
322103
318703
324503
351003
337103
345903
328703
351803
343203
356803
343903
345703
330403
341403
335303
320603
351703
340503
329003
334703
321703
352003
321803
361003
359303
347203
325503
346703
336203
335203
349203
334203
342703
326603
359603
360803
338003
340403
317003
322803
361203
315703
346403
329803
347003
355103
345403
334803
328003
347803
316803
339503
356303
346603
319203
332703
358803
