220609
222209
232109
215609
230609
228809
222809
218909
223309
227609
221409
215109
222309
219809
217809
227909
229809
226909
220509
228709
216609
220009
228009
219709
229709
230009
224109
218409
223609
434710
380410
436310
379910
434410
384610
378610
381310
378210
438410
429810
376710
379510
380510
431010
374410
386410
430010
379710
373110
434610
438010
435010
380610
383310
382510
377810
379310
631411
637111
622911
633011
629011
639111
633211
639311
631711
639811
627611
623511
639611
626511
624011
633711
624111
635411
633911
635211
628011
641411
627411
637011
628911
635111
624511
