X1	X2	X3	p3
GGaluGA004629	1	  8353078	0.107417067582587
rs13825301	1	  8382040	0.107417067582587
rs13825272	1	  8428157	0.107417067582587
GGaluGA008073	1	 22365859	0.0426216753559606
rs13837921	1	 22725294	0.00567644281016269
rs13847756	1	 32988428	0.255933803533244
rs13851434	1	 36064626	0.156034413341629
rs15269313	1	 53185730	0.844435206053875
rs15271259	1	 53936224	0.799474685358309
GGaluGA019406	1	 56285410	0.0757645557342615
rs13899455	1	 87189315	0.000113291166222782
GGaluGA031297	1	 88541009	0.054960495410276
GGaluGA037575	1	109215700	0.779407625849384
rs13924664	1	112810906	0.68484275066423
rs15391489	1	113021579	0.633089209713855
rs13685179	1	113551172	0.402762309090608
GGaluGA039228	1	113754516	0.143660165595437
rs16700386	1	124796295	2.085821361968e-05
rs13942473	1	132884851	1.61154372024646e-06
GGaluGA045585	1	133117260	0.00123883838448454
rs13946241	1	136945048	0.889883306885608
rs13947262	1	137687960	0.801366151946721
rs13948095	1	138456125	0.392199444010702
rs15448487	1	141954024	0.0505213022724355
rs13960405	1	152244298	0.285660125177634
rs15471722	1	152461232	0.151274591193513
rs13960841	1	152703531	0.218894757785482
rs13961494	1	153542070	0.316161460916239
rs13552040	1	166937022	1.75541923299936e-09
rs15497910	1	168609931	9.49295927907119e-07
rs14916997	1	168703806	1.39778081761689e-06
rs13973511	1	169866872	0.0326974319270644
rs15502284	1	170231070	0.00314063577620547
GGaluGA055855	1	171538472	0.670732093579587
rs13554510	1	172433039	0.000475208558185691
rs14920831	1	172735755	0.00108516598257709
GGaluGA057412	1	175228775	0.00985320235013726
rs10724909	1	175511149	0.000919761230489775
rs15516954	1	176041440	0.0106453205104717
GGaluGA059924	1	181248375	0.0116480175758752
rs13986891	1	181410339	0.0193492231093098
rs15531536	1	181466142	0.0303849111011665
rs13558364	1	181570603	0.0175370875159153
rs14935021	1	187626579	0.888461938018703
rs14935211	1	187886770	0.554671477466402
rs16016391	1	188303822	0.544715523132147
GGaluGA064535	1	194582248	0.0602977488508545
rs13997945	1	194730162	0.759410886652117
rs13997503	1	195082164	0.4027537588168
rs14130583	2	  4227834	0.375919827659771
rs14134143	2	  7089564	3.59191730899779e-06
rs15901398	2	 15671590	0.060688766118408
rs14143697	2	 15964218	0.0601321396153226
rs14160866	2	 32351981	0.852973274328633
rs14161161	2	 32575247	0.813199900485685
rs15954696	2	 38808827	0.265230361907375
rs14178920	2	 48455365	1.1182061873912e-05
rs13616570	2	 54664221	0.42468750046119
rs13616625	2	 54857008	0.446872038274713
rs16003384	2	 58061249	0.0413786451724907
rs16003882	2	 58215793	0.0257082353409997
rs15104581	2	 59014945	0.00229396372492579
rs15105085	2	 59422045	0.00932093164042816
rs15105267	2	 59684858	0.00977631943997949
rs15105825	2	 60229609	4.19441282222385e-08
rs14190959	2	 60244361	4.19441282222385e-08
GGaluGA149283	2	 60419691	1.55127292860051e-07
GGaluGA149337	2	 60532699	3.04093631839107e-06
rs15106275	2	 60654920	0.0337549996044514
GGaluGA149507	2	 60956896	0.0281490543412602
rs15107321	2	 61763092	0.0747598658171576
GGaluGA149890	2	 61827193	0.118112206193646
rs14193231	2	 62096763	0.127431269821887
rs15107772	2	 62342382	0.0843597662076008
rs16018716	2	 63284133	0.122410586387391
rs14196021	2	 64383319	6.15684597073321e-05
rs14231855	2	107373050	0.629237555797011
rs14232197	2	108060073	0.0412634515792141
GGaluGA163475	2	110373922	0.655947326652466
GGaluGA163572	2	110737140	0.878801947727316
rs15142701	2	110932259	0.596271587783665
rs15143460	2	112081184	3.66426888564335e-06
rs14237177	2	113948860	0.000284041327395264
rs15144660	2	114168392	0.00410670316675989
GGaluGA164669	2	114839094	0.00596385193245203
rs13731505	2	124577546	0.529038909288452
GGaluGA167570	2	125866832	0.391814679169986
GGaluGA171053	2	137758883	0.000234442206910236
rs13762060	2	138061656	0.000563293837851077
rs15166625	2	138501276	7.73340116018718e-05
rs13758837	2	147727835	1.32881189069883e-05
rs14255302	2	148353574	1.10509406033167e-09
rs15158686	2	148418221	4.85365415352933e-10
rs16213592	3	  1053640	0.0102623071638293
rs15253640	3	  1580477	0.0212836860268614
rs14308203	3	  2349123	0.0245006849627751
rs14309765	3	  3498759	0.435251748811665
GGaluGA203812	3	  3621641	0.625705032977272
rs15258124	3	  3711514	0.767248659554364
rs14330022	3	 25964032	0.771188560431885
rs14336675	3	 31772882	9.81630561689124e-08
rs14336735	3	 31820689	9.81630561689124e-08
GGaluGA215531	3	 32164458	1.4508829826521e-07
rs15321683	3	 33619052	1.39771841525037e-07
rs14339147	3	 33672462	1.4143437417295e-07
GGaluGA216062	3	 33694272	1.6833810617029e-07
rs14339371	3	 33880949	0.0216649284721997
rs14341292	3	 35765242	0.0089487573545818
GGaluGA218114	3	 39636651	0.80671002322683
rs13675715	3	 39835771	0.583429662681875
rs16277130	3	 51218788	0.0247113587921181
rs16292045	3	 65605880	0.548447169060012
rs14376924	3	 72200591	0.0153480385976738
rs14377280	3	 72575690	0.0155020117651991
GGaluGA228961	3	 74623469	0.0139204990084129
rs14391656	3	 87365904	0.0216254672424249
rs14417942	4	  1469998	0.440055196528881
rs14421644	4	  4070555	0.363385332314211
rs15480969	4	  4870857	0.198092913441569
rs15484517	4	  6697498	0.168084114414181
rs14425813	4	  8581391	0.350832415164023
rs13642985	4	  8933657	0.171024503357262
rs16358611	4	  8993389	0.153304656677031
GGaluGA244891	4	  9062623	0.534445732284115
rs13643096	4	  9307865	0.945920732493423
Marker7	4	 10565127	0.0307837374431094
rs14428592	4	 11295177	0.183877651394144
GGaluGA246087	4	 11718474	0.00227949861757234
rs14429288	4	 11886362	0.0276987443698696
rs15496424	4	 12085979	0.501135026601933
rs15497374	4	 12499527	0.509982313932686
GGaluGA246569	4	 12749007	0.190746032807655
rs15499036	4	 13058218	0.407322684973901
rs15500313	4	 13371525	0.403058821711678
rs14431207	4	 13545581	0.763560675368836
rs16368918	4	 16463457	0.0246845733455061
rs16369100	4	 16544082	0.0181848825109753
rs14438414	4	 22694800	0.126850310675291
rs15519569	4	 25621117	0.00722035805032467
rs14442238	4	 27326132	0.00333020639495132
rs14442566	4	 27838600	0.00496721805146949
rs14445127	4	 30015496	0.1799917077387
rs16390717	4	 35461092	0.0165852411932405
rs14452299	4	 35626681	0.0164689175190266
rs10724211	4	 36624795	0.171928793894429
rs15546807	4	 37882375	0.0480452239681082
GGaluGA254956	4	 38707034	0.402355815641478
rs15560796	4	 44822312	9.07192689220176e-07
rs14461403	4	 44894641	8.21131034069038e-05
GGaluGA257597	4	 46575963	0.633031562782519
rs14464075	4	 46643862	0.667991544356068
rs14464166	4	 46704071	0.316601873258099
GGaluGA263285	4	 64990710	0.198582167758892
GGaluGA264829	4	 69059781	2.00857358424821e-05
rs14707202	4	 75601230	0.00307444790861028
rs14491212	4	 75915411	0.000101711834900956
GGaluGA266219	4	 76139478	1.72682528128134e-06
rs14493368	4	 77865008	2.00838307640476e-05
GGaluGA268079	4	 81962195	2.96483360153834e-08
rs16444662	4	 82012304	6.47086341676486e-08
rs14498744	4	 82310849	6.48052507920046e-10
rs14509739	5	   839851	0.30211038650924
rs16471227	5	 15008670	0.0872758794852929
rs14529550	5	 29266586	0.746831542395473
rs14529823	5	 29465716	0.751153542664058
rs16497630	5	 40146147	0.151619675441198
rs16497832	5	 40276813	0.21562623042106
rs14538643	5	 41710893	0.487747949588178
rs14538761	5	 41864419	0.42986949041179
rs14539010	5	 42068300	0.395950272322477
GGaluGA285599	5	 42390543	0.361849965293496
GGaluGA291307	5	 56293287	0.569984398379159
rs14554723	5	 56358943	0.556412148673986
rs14561934	6	  2783592	0.239592340356891
rs13562096	6	  3292946	0.338190809410779
rs15758084	6	  3417847	0.194165595127781
GGaluGA294777	6	  3843607	0.382101492505202
rs14564481	6	  4326810	0.000943559016515314
GGaluGA297847	6	 10472794	0.267132098977114
rs16542328	6	 10764502	0.350297525514009
GGaluGA298346	6	 11487931	0.193768724391417
GGaluGA299172	6	 15230662	0.39737612945474
rs16564590	6	 30021822	0.0895196770765492
rs13582156	6	 30371537	0.180979830678701
rs13740371	7	  5173724	0.443060803146884
rs16578406	7	  5335603	0.403225050676345
rs14603605	7	  5725380	0.84334814532799
rs14608276	7	 11577470	0.341673586909037
rs15852323	7	 15562014	0.236313829319066
rs14610961	7	 15660310	2.8576289413312e-05
rs15856536	7	 18629890	0.00366775373751569
rs14616506	7	 22558818	0.000479666233373028
GGaluGA316675	7	 23930693	0.000186485738255627
Marker15	7	 24032601	3.65264707414215e-05
rs14619645	7	 25413351	0.101463220807657
rs15870230	7	 25638877	0.447560356624602
rs15870814	7	 25922725	0.635902008300369
GGaluGA317562	7	 26128249	0.0515756979086433
rs16604163	7	 27665407	0.117746441760704
rs14622611	7	 27830227	0.976613484442096
rs13599343	7	 30416123	0.315563318880996
rs15882678	7	 31186083	0.299638466711949
rs13599796	7	 31250201	0.0820384790517616
rs14631311	7	 35271306	0.441492206977303
GGaluGA324571	8	  6442941	0.447503685902261
rs13662679	8	  6547761	0.41878918955132
GGaluGA330803	8	 23095352	0.340650056673669
rs14653619	8	 23372766	0.117110320488044
rs16650916	9	    83281	0.257873249013521
rs15979763	9	 17844517	0.131379000910806
GGaluGA342235	9	 17989739	0.0577046210176045
rs14679078	9	 18869738	0.00248896812512098
rs14679184	9	 18960813	0.00216523684323255
rs14000513	10	  1169423	0.10501345998057
rs15570463	10	  5796424	0.182396448420392
GGaluGA068581	10	  8504427	5.83710904441022e-07
GGaluGA070600	10	 13015087	0.589562440320757
rs14950004	10	 13022317	0.790407465390502
rs14021051	11	  6375545	0.00381539269704417
GGaluGA076835	11	  8603068	0.176479155439681
rs14023091	11	  8635361	0.141664231939904
rs14963115	11	  8868313	0.0253764317118613
GGaluGA078617	11	 14612818	0.252873757605303
rs14030012	12	   521585	0.546867164867911
rs14030273	12	   698342	0.151805531952137
GGaluGA080760	12	   704482	0.151805531952137
rs15630281	12	  1263915	0.581193059580322
rs15637974	12	  4765133	0.909197165661774
GGaluGA083170	12	  5797866	0.248414209897333
rs15668436	12	 17229693	0.0136150864777546
rs13728542	13	  1928249	0.910403326371674
rs15684129	13	  4992949	0.460782385640269
rs13726878	13	  5988992	0.830466107066795
rs14059068	13	  9967803	0.00153800327870653
rs14066803	13	 13626922	0.329718027933302
rs14064249	13	 15500903	0.756844750661717
GGaluGA097819	13	 16014086	0.439422501058029
rs14068810	14	   215191	0.0584891840220312
rs14069341	14	  1230229	0.0538034934552355
GGaluGA101176	14	  5140682	0.000360465429999313
GGaluGA101359	14	  5380252	0.440574929688694
rs15732170	14	  7076214	0.383093861309584
rs14087518	15	  1864082	0.410657299043084
rs15766580	15	  3027971	0.519493007158874
rs13629147	15	  3229287	0.442219077143302
rs15019205	15	  3480829	0.973336690300774
rs14089031	15	  3731548	0.979973463943705
rs15768030	15	  3941322	0.926870499010293
GGaluGA110996	15	 10803407	0.984148117196194
rs14105176	17	   277789	0.936226887795107
rs14097271	17	  9354476	0.683146994829494
GGaluGA120083	18	  4389103	0.857012743940799
rs14110461	18	  4688289	0.548353396796911
rs15844211	19	  4322535	0.0292026679212297
GGaluGA126449	19	  4588913	0.00938026703744541
rs15047874	19	  5068731	0.0493027602016747
rs14276041	20	  8438954	0.293324288416588
rs14277030	20	  9312722	0.742489422122379
rs16170672	20	  9454604	0.0831934905803843
rs14278589	20	 11010035	0.00670644189149073
rs16172794	20	 11168276	0.00989593152728547
rs14278769	20	 11190652	0.00989593152728547
rs13634772	20	 11414801	0.982570751071018
rs15178599	20	 11828090	0.0197743143083954
rs14280118	20	 12333219	0.0882207387197563
rs16175399	20	 12812374	0.00585471885532168
rs14280615	20	 12990304	1.352244178434e-06
rs15182893	21	  3399396	4.14522380865716e-07
rs14690326	22	  2045837	0.589154801733934
GGaluGA186192	22	  2203929	0.269416424503373
rs14287724	23	   476500	0.789727992372883
GGaluGA187500	23	  1059242	0.000147905139442461
rs15205573	23	  4599103	0.00817296776236633
rs13604387	24	  1523212	0.00823682553657136
rs14293489	24	  1692813	0.0128420731200099
GGaluGA193727	24	  5783108	0.0055819651548818
rs16201161	26	  2131342	0.00764477044327583
GGaluGA196159	26	  2230461	0.00197514801282867
GGaluGA197972	26	  4735615	0.000553070073286951
GGaluGA199986	27	  3384990	0.364380769695578
rs14303776	27	  3445702	0.0644835875211855
