chr	pos	Mrk	Mean	SE	P_val
1	153.5	LEI0079	-13.03054093	10.92509	0.2333453
1	164.2	LEI0162	16.51628554	9.584425	0.08524308
1	166.7	ADL0245	24.55890586	9.141864	0.007376643
1	166.9	rs13552040	25.34772116	9.03555	0.005152241
1	170.2	rs15502284	29.98744131	8.527124	0.0004623115
1	172.7	rs14920831	32.57167764	8.673093	0.0001859437
1	176.1	rs15516954	29.87324829	9.316113	0.001398084
1	177.6	rs13982336	18.86832372	9.821131	0.05507345
1	184.3	rs14931269	9.97998182	8.652375	0.2490861
1	186.7	LEI0134	-2.01669525	8.528503	0.8131341
2	38.5	MCW0063	-9.40750095	9.240009	0.3089354
2	41.8	rs13670674	-13.38270044	10.448359	0.2006322
2	44	rs13671945	-17.36497834	11.302945	0.1248672
2	48.4	rs14178920	18.09693263	8.592133	0.03550573
2	50.9	rs15099222	22.14325403	8.446874	0.00892653
2	55.1	MCW0062	22.61969937	8.371952	0.007046189
2	58.5	MCW0293	13.20008513	8.398007	0.1164019
2	59.4	rs15105085	13.2889973	8.48443	0.1176906
2	62.3	rs15107772	18.62042443	8.469241	0.02820127
2	64.4	rs14196021	17.38739055	9.056485	0.05523901
2	98.8	LEI0147	-0.42872846	9.11913	0.962514
2	99.2	RBL3577	0.50965517	9.242965	0.9560413
2	99.2	RBL3422	0.50965517	9.242965	0.9560413
2	100.2	rs14225365	-1.07496503	9.443431	0.9094004
2	104.5	rs16092012	18.15370476	8.770119	0.03878738
2	107.6	RBL8	16.634832	8.22208	0.0433959
2	108.4	rs14232457	17.37078678	8.325493	0.03726314
2	109.1	RBL2593	17.37078678	8.325493	0.03726314
2	110.8	rs13796585	21.87425583	8.406194	0.009440563
2	110.9	MCW0234	21.87425583	8.406194	0.009440563
2	113.1	rs16107541	17.38180147	8.488167	0.0409188
2	114.4	rs16108913	13.90244261	8.578179	0.1054936
2	117.3	rs14240558	13.68831079	8.54505	0.1095848
2	120	rs14242430	12.91576101	8.724383	0.1391668
2	124.5	rs13731505	6.25819222	10.951545	0.5678645
2	126.9	MCW0245	0.30713029	10.581081	0.976851
4	1.4	ADL0143	17.04763876	8.457179	0.04416935
4	3.5	ADL0317	30.28047483	8.423585	0.0003452515
4	4.1	rs14421644	25.60398452	8.324434	0.002173331
4	6.697498	rs15484517	30.05706958	8.171586	0.000251055
4	9.3	rs13643096	30.43893652	8.153358	0.0002027998
4	11.3	rs14428592	28.98108628	8.348197	0.0005461044
4	13.4	rs15500313	20.43020329	8.291469	0.01395529
4	17.5	rs14435605	22.11249024	8.761963	0.01181155
4	17.7	ADL0145	23.41391125	8.881969	0.008553632
4	19	MCW0251	23.24013019	8.712546	0.00780266
20	3.7	rs15171181	15.13561389	8.891481	0.0891071
20	5.1	rs14272231	14.00643447	8.845491	0.1137253
20	6.6	rs15173767	20.37261537	9.210383	0.0272629
20	7.5	rs14274909	22.41965755	9.226324	0.01532602
20	8.5	rs14276041	22.80469798	9.144119	0.01284121
20	11.2	rs14278769	23.13657335	8.32525	0.005583046
20	12.3	rs13635174	18.06731974	8.431479	0.03243628
20	12.4	MC3R_NA_1035	18.06731974	8.431479	0.03243628
20	12.4	MC3R_PYRO	18.06731974	8.431479	0.03243628
20	14.2	rs13795178	15.61116507	8.611272	0.07023729
