1@280.0a   28.836   5.121   5.63
1@465.0a  -15.390   5.171  -2.976
1@845.0a   28.266   5.104   5.538
3@175.0a   12.321   5.420   2.273
3@375.0a   19.865   5.247   3.786
4@80.0a    31.165   5.215   5.976
4@165.0a   17.323   5.055   3.427
4@350.0a    0.2527   5.0554   0.050

#5@5.0a     10.164   4.539   2.239
#5@180.0a    5.773   4.172   1.384
#5@355.0a   -5.550   4.602  -1.206

6@150.0a   24.810   5.347   4.640
7@5.0a     21.057   5.578   3.775
7@110.0a   38.112   5.098   7.476

11@65.0a    9.035   5.376   1.681
13@35.0a   19.454   5.119   3.800
14@60.0a   17.783   5.138   3.461
15@30.0a   13.3540   5.4394   2.455
27@35.0a   27.461   7.409   3.706